0.000000 1.000000 0.000000
0.020000 1.000000 -0.100000
0.040000 0.998000 -0.192000
0.060000 0.994160 -0.276440
0.080000 0.988631 -0.353741
0.100000 0.981556 -0.424305
0.120000 0.973070 -0.488516
0.140000 0.963300 -0.546742
0.160000 0.952365 -0.599332
0.180000 0.940378 -0.646622
0.200000 0.927446 -0.688930
0.220000 0.913667 -0.726561
0.240000 0.899136 -0.759802
0.260000 0.883940 -0.788932
0.280000 0.868162 -0.814211
0.300000 0.851877 -0.835891
0.320000 0.835160 -0.854207
0.340000 0.818075 -0.869386
0.360000 0.800688 -0.881643
0.380000 0.783055 -0.891180
0.400000 0.765231 -0.898191
0.420000 0.747267 -0.902859
0.440000 0.729210 -0.905357
0.460000 0.711103 -0.905850
0.480000 0.692986 -0.904492
0.500000 0.674896 -0.901431
0.520000 0.656868 -0.896806
0.540000 0.638931 -0.890749
0.560000 0.621116 -0.883382
0.580000 0.603449 -0.874823
0.600000 0.585952 -0.865182
0.620000 0.568649 -0.854563
0.640000 0.551557 -0.843063
0.660000 0.534696 -0.830773
0.680000 0.518081 -0.817781
0.700000 0.501725 -0.804167
0.720000 0.485642 -0.790006
0.740000 0.469842 -0.775370
0.760000 0.454334 -0.760324
0.780000 0.439128 -0.744932
0.800000 0.424229 -0.729250
0.820000 0.409644 -0.713333
0.840000 0.395378 -0.697231
0.860000 0.381433 -0.680990
0.880000 0.367813 -0.664654
0.900000 0.354520 -0.648263
0.920000 0.341555 -0.631854
0.940000 0.328918 -0.615461
0.960000 0.316608 -0.599116
0.980000 0.304626 -0.582848
1.000000 0.292969 -0.566682
1.020000 0.281636 -0.550645
1.040000 0.270623 -0.534757
1.060000 0.259928 -0.519038
1.080000 0.249547 -0.503508
1.100000 0.239477 -0.488182
1.120000 0.229713 -0.473075
1.140000 0.220251 -0.458200
1.160000 0.211087 -0.443570
1.180000 0.202216 -0.429193
1.200000 0.193632 -0.415079
1.220000 0.185331 -0.401236
1.240000 0.177306 -0.387670
1.260000 0.169552 -0.374387
1.280000 0.162065 -0.361391
1.300000 0.154837 -0.348686
1.320000 0.147863 -0.336275
1.340000 0.141138 -0.324160
1.360000 0.134654 -0.312341
1.380000 0.128408 -0.300819
1.400000 0.122391 -0.289594
1.420000 0.116599 -0.278666
1.440000 0.111026 -0.268032
1.460000 0.105665 -0.257692
1.480000 0.100512 -0.247644
1.500000 0.095559 -0.237883
1.520000 0.090801 -0.228408
1.540000 0.086233 -0.219216
1.560000 0.081849 -0.210302
1.580000 0.077643 -0.201663
1.600000 0.073609 -0.193294
1.620000 0.069743 -0.185191
1.640000 0.066040 -0.177350
1.660000 0.062493 -0.169766
1.680000 0.059097 -0.162434
1.700000 0.055849 -0.155349
1.720000 0.052742 -0.148506
1.740000 0.049771 -0.141900
1.760000 0.046933 -0.135525
1.780000 0.044223 -0.129376
1.800000 0.041635 -0.123449
1.820000 0.039166 -0.117736
1.840000 0.036812 -0.112234
1.860000 0.034567 -0.106936
1.880000 0.032428 -0.101838
1.900000 0.030392 -0.096934
1.920000 0.028453 -0.092218
1.940000 0.026609 -0.087686
1.960000 0.024855 -0.083332
1.980000 0.023188 -0.079151
2.000000 0.021605 -0.075138
2.020000 0.020102 -0.071287
2.040000 0.018677 -0.067595
2.060000 0.017325 -0.064055
2.080000 0.016044 -0.060663
2.100000 0.014830 -0.057414
2.120000 0.013682 -0.054304
2.140000 0.012596 -0.051328
2.160000 0.011570 -0.048481
2.180000 0.010600 -0.045760
2.200000 0.009685 -0.043159
2.220000 0.008822 -0.040675
2.240000 0.008008 -0.038303
2.260000 0.007242 -0.036039
2.280000 0.006521 -0.033880
2.300000 0.005844 -0.031822
2.320000 0.005207 -0.029861
2.340000 0.004610 -0.027993
2.360000 0.004050 -0.026214
2.380000 0.003526 -0.024522
2.400000 0.003035 -0.022913
2.420000 0.002577 -0.021383
2.440000 0.002149 -0.019930
2.460000 0.001751 -0.018551
2.480000 0.001380 -0.017242
2.500000 0.001035 -0.016001
2.520000 0.000715 -0.014824
2.540000 0.000418 -0.013710
2.560000 0.000144 -0.012655
2.580000 -0.000109 -0.011657
2.600000 -0.000342 -0.010713
2.620000 -0.000556 -0.009822
2.640000 -0.000753 -0.008981
2.660000 -0.000932 -0.008187
2.680000 -0.001096 -0.007439
2.700000 -0.001245 -0.006734
2.720000 -0.001379 -0.006071
2.740000 -0.001501 -0.005447
2.760000 -0.001610 -0.004861
2.780000 -0.001707 -0.004311
2.800000 -0.001793 -0.003796
2.820000 -0.001869 -0.003313
2.840000 -0.001935 -0.002861
2.860000 -0.001993 -0.002438
2.880000 -0.002041 -0.002044
2.900000 -0.002082 -0.001676
2.920000 -0.002116 -0.001334
2.940000 -0.002143 -0.001016
2.960000 -0.002163 -0.000720
2.980000 -0.002177 -0.000446
3.000000 -0.002186 -0.000193
3.020000 -0.002190 0.000041
3.040000 -0.002189 0.000257
3.060000 -0.002184 0.000455
3.080000 -0.002175 0.000637
3.100000 -0.002162 0.000804
3.120000 -0.002146 0.000956
3.140000 -0.002127 0.001094
3.160000 -0.002105 0.001219
3.180000 -0.002081 0.001332
3.200000 -0.002054 0.001434
3.220000 -0.002025 0.001524
3.240000 -0.001995 0.001605
3.260000 -0.001963 0.001676
3.280000 -0.001929 0.001738
3.300000 -0.001895 0.001792
3.320000 -0.001859 0.001838
3.340000 -0.001822 0.001877
3.360000 -0.001784 0.001909
3.380000 -0.001746 0.001935
3.400000 -0.001708 0.001955
3.420000 -0.001669 0.001969
3.440000 -0.001629 0.001978
3.460000 -0.001590 0.001983
3.480000 -0.001550 0.001983
3.500000 -0.001510 0.001980
3.520000 -0.001471 0.001972
3.540000 -0.001431 0.001962
3.560000 -0.001392 0.001948
3.580000 -0.001353 0.001931
3.600000 -0.001314 0.001912
3.620000 -0.001276 0.001890
3.640000 -0.001238 0.001867
3.660000 -0.001201 0.001841
3.680000 -0.001164 0.001814
3.700000 -0.001128 0.001785
3.720000 -0.001092 0.001755
3.740000 -0.001057 0.001724
3.760000 -0.001023 0.001692
3.780000 -0.000989 0.001659
3.800000 -0.000956 0.001625
3.820000 -0.000923 0.001591
3.840000 -0.000891 0.001556
3.860000 -0.000860 0.001520
3.880000 -0.000830 0.001485
3.900000 -0.000800 0.001449
3.920000 -0.000771 0.001413
3.940000 -0.000743 0.001377
3.960000 -0.000715 0.001341
3.980000 -0.000688 0.001305
4.000000 -0.000662 0.001270
4.020000 -0.000637 0.001234
4.040000 -0.000612 0.001199
4.060000 -0.000588 0.001165
4.080000 -0.000565 0.001130
4.100000 -0.000542 0.001096
4.120000 -0.000520 0.001063
4.140000 -0.000499 0.001030
4.160000 -0.000479 0.000997
4.180000 -0.000459 0.000966
4.200000 -0.000439 0.000934
4.220000 -0.000421 0.000903
4.240000 -0.000403 0.000873
4.260000 -0.000385 0.000844
4.280000 -0.000368 0.000815
4.300000 -0.000352 0.000786
4.320000 -0.000336 0.000759
4.340000 -0.000321 0.000731
4.360000 -0.000306 0.000705
4.380000 -0.000292 0.000679
4.400000 -0.000279 0.000654
4.420000 -0.000266 0.000630
4.440000 -0.000253 0.000606
4.460000 -0.000241 0.000583
4.480000 -0.000229 0.000560
4.500000 -0.000218 0.000538
4.520000 -0.000207 0.000517
4.540000 -0.000197 0.000496
4.560000 -0.000187 0.000476
4.580000 -0.000178 0.000457
4.600000 -0.000168 0.000438
4.620000 -0.000160 0.000420
4.640000 -0.000151 0.000402
4.660000 -0.000143 0.000385
4.680000 -0.000135 0.000369
4.700000 -0.000128 0.000353
4.720000 -0.000121 0.000337
4.740000 -0.000114 0.000323
4.760000 -0.000108 0.000308
4.780000 -0.000102 0.000294
4.800000 -0.000096 0.000281
4.820000 -0.000090 0.000268
4.840000 -0.000085 0.000256
4.860000 -0.000080 0.000244
4.880000 -0.000075 0.000232
4.900000 -0.000070 0.000221
4.920000 -0.000066 0.000210
4.940000 -0.000062 0.000200
4.960000 -0.000058 0.000190
4.980000 -0.000054 0.000181
5.000000 -0.000050 0.000172
5.020000 -0.000047 0.000163
5.040000 -0.000043 0.000155
5.060000 -0.000040 0.000147
5.080000 -0.000037 0.000139
5.100000 -0.000035 0.000132
5.120000 -0.000032 0.000124
5.140000 -0.000030 0.000118
5.160000 -0.000027 0.000111
5.180000 -0.000025 0.000105
5.200000 -0.000023 0.000099
5.220000 -0.000021 0.000093
5.240000 -0.000019 0.000088
5.260000 -0.000017 0.000083
5.280000 -0.000016 0.000078
5.300000 -0.000014 0.000073
5.320000 -0.000013 0.000069
5.340000 -0.000011 0.000065
5.360000 -0.000010 0.000061
5.380000 -0.000009 0.000057
5.400000 -0.000008 0.000053
5.420000 -0.000006 0.000050
5.440000 -0.000005 0.000046
5.460000 -0.000005 0.000043
5.480000 -0.000004 0.000040
5.500000 -0.000003 0.000037
5.520000 -0.000002 0.000035
5.540000 -0.000001 0.000032
5.560000 -0.000001 0.000030
5.580000 -0.000000 0.000027
5.600000 0.000000 0.000025
5.620000 0.000001 0.000023
5.640000 0.000001 0.000021
5.660000 0.000002 0.000019
5.680000 0.000002 0.000018
5.700000 0.000002 0.000016
5.720000 0.000003 0.000014
5.740000 0.000003 0.000013
5.760000 0.000003 0.000012
5.780000 0.000004 0.000010
5.800000 0.000004 0.000009
5.820000 0.000004 0.000008
5.840000 0.000004 0.000007
5.860000 0.000004 0.000006
5.880000 0.000004 0.000005
5.900000 0.000004 0.000004
5.920000 0.000005 0.000004
5.940000 0.000005 0.000003
5.960000 0.000005 0.000002
5.980000 0.000005 0.000001
6.000000 0.000005 0.000001
6.020000 0.000005 0.000000
6.040000 0.000005 -0.000000
6.060000 0.000005 -0.000001
6.080000 0.000005 -0.000001
6.100000 0.000005 -0.000001
6.120000 0.000005 -0.000002
6.140000 0.000005 -0.000002
6.160000 0.000005 -0.000002
6.180000 0.000005 -0.000003
6.200000 0.000005 -0.000003
6.220000 0.000004 -0.000003
6.240000 0.000004 -0.000003
6.260000 0.000004 -0.000004
6.280000 0.000004 -0.000004
6.300000 0.000004 -0.000004
6.320000 0.000004 -0.000004
6.340000 0.000004 -0.000004
6.360000 0.000004 -0.000004
6.380000 0.000004 -0.000004
6.400000 0.000004 -0.000004
6.420000 0.000004 -0.000004
6.440000 0.000004 -0.000004
6.460000 0.000004 -0.000004
6.480000 0.000003 -0.000004
6.500000 0.000003 -0.000004
6.520000 0.000003 -0.000004
6.540000 0.000003 -0.000004
6.560000 0.000003 -0.000004
6.580000 0.000003 -0.000004
6.600000 0.000003 -0.000004
6.620000 0.000003 -0.000004
6.640000 0.000003 -0.000004
6.660000 0.000003 -0.000004
6.680000 0.000003 -0.000004
6.700000 0.000003 -0.000004
6.720000 0.000002 -0.000004
6.740000 0.000002 -0.000004
6.760000 0.000002 -0.000004
6.780000 0.000002 -0.000004
6.800000 0.000002 -0.000004
6.820000 0.000002 -0.000004
6.840000 0.000002 -0.000003
6.860000 0.000002 -0.000003
6.880000 0.000002 -0.000003
6.900000 0.000002 -0.000003
6.920000 0.000002 -0.000003
6.940000 0.000002 -0.000003
6.960000 0.000002 -0.000003
6.980000 0.000002 -0.000003
7.000000 0.000001 -0.000003
7.020000 0.000001 -0.000003
7.040000 0.000001 -0.000003
7.060000 0.000001 -0.000003
7.080000 0.000001 -0.000003
7.100000 0.000001 -0.000002
7.120000 0.000001 -0.000002
7.140000 0.000001 -0.000002
7.160000 0.000001 -0.000002
7.180000 0.000001 -0.000002
7.200000 0.000001 -0.000002
7.220000 0.000001 -0.000002
7.240000 0.000001 -0.000002
7.260000 0.000001 -0.000002
7.280000 0.000001 -0.000002
7.300000 0.000001 -0.000002
7.320000 0.000001 -0.000002
7.340000 0.000001 -0.000002
7.360000 0.000001 -0.000002
7.380000 0.000001 -0.000002
7.400000 0.000001 -0.000001
7.420000 0.000001 -0.000001
7.440000 0.000001 -0.000001
7.460000 0.000001 -0.000001
7.480000 0.000001 -0.000001
7.500000 0.000000 -0.000001
7.520000 0.000000 -0.000001
7.540000 0.000000 -0.000001
7.560000 0.000000 -0.000001
7.580000 0.000000 -0.000001
7.600000 0.000000 -0.000001
7.620000 0.000000 -0.000001
7.640000 0.000000 -0.000001
7.660000 0.000000 -0.000001
7.680000 0.000000 -0.000001
7.700000 0.000000 -0.000001
7.720000 0.000000 -0.000001
7.740000 0.000000 -0.000001
7.760000 0.000000 -0.000001
7.780000 0.000000 -0.000001
7.800000 0.000000 -0.000001
7.820000 0.000000 -0.000001
7.840000 0.000000 -0.000001
7.860000 0.000000 -0.000001
7.880000 0.000000 -0.000001
7.900000 0.000000 -0.000001
7.920000 0.000000 -0.000000
7.940000 0.000000 -0.000000
7.960000 0.000000 -0.000000
7.980000 0.000000 -0.000000
8.000000 0.000000 -0.000000
8.020000 0.000000 -0.000000
8.040000 0.000000 -0.000000
8.060000 0.000000 -0.000000
8.080000 0.000000 -0.000000
8.100000 0.000000 -0.000000
8.120000 0.000000 -0.000000
8.140000 0.000000 -0.000000
8.160000 0.000000 -0.000000
8.180000 0.000000 -0.000000
8.200000 0.000000 -0.000000
8.220000 0.000000 -0.000000
8.240000 0.000000 -0.000000
8.260000 0.000000 -0.000000
8.280000 0.000000 -0.000000
8.300000 0.000000 -0.000000
8.320000 0.000000 -0.000000
8.340000 0.000000 -0.000000
8.360000 0.000000 -0.000000
8.380000 0.000000 -0.000000
8.400000 0.000000 -0.000000
8.420000 0.000000 -0.000000
8.440000 0.000000 -0.000000
8.460000 0.000000 -0.000000
8.480000 0.000000 -0.000000
8.500000 0.000000 -0.000000
8.520000 0.000000 -0.000000
8.540000 0.000000 -0.000000
8.560000 0.000000 -0.000000
8.580000 0.000000 -0.000000
8.600000 0.000000 -0.000000
8.620000 -0.000000 -0.000000
8.640000 -0.000000 -0.000000
8.660000 -0.000000 -0.000000
8.680000 -0.000000 -0.000000
8.700000 -0.000000 -0.000000
8.720000 -0.000000 -0.000000
8.740000 -0.000000 -0.000000
8.760000 -0.000000 -0.000000
8.780000 -0.000000 -0.000000
8.800000 -0.000000 -0.000000
8.820000 -0.000000 -0.000000
8.840000 -0.000000 -0.000000
8.860000 -0.000000 -0.000000
8.880000 -0.000000 -0.000000
8.900000 -0.000000 -0.000000
8.920000 -0.000000 -0.000000
8.940000 -0.000000 -0.000000
8.960000 -0.000000 -0.000000
8.980000 -0.000000 -0.000000
9.000000 -0.000000 -0.000000
9.020000 -0.000000 -0.000000
9.040000 -0.000000 -0.000000
9.060000 -0.000000 0.000000
9.080000 -0.000000 0.000000
9.100000 -0.000000 0.000000
9.120000 -0.000000 0.000000
9.140000 -0.000000 0.000000
9.160000 -0.000000 0.000000
9.180000 -0.000000 0.000000
9.200000 -0.000000 0.000000
9.220000 -0.000000 0.000000
9.240000 -0.000000 0.000000
9.260000 -0.000000 0.000000
9.280000 -0.000000 0.000000
9.300000 -0.000000 0.000000
9.320000 -0.000000 0.000000
9.340000 -0.000000 0.000000
9.360000 -0.000000 0.000000
9.380000 -0.000000 0.000000
9.400000 -0.000000 0.000000
9.420000 -0.000000 0.000000
9.440000 -0.000000 0.000000
9.460000 -0.000000 0.000000
9.480000 -0.000000 0.000000
9.500000 -0.000000 0.000000
9.520000 -0.000000 0.000000
9.540000 -0.000000 0.000000
9.560000 -0.000000 0.000000
9.580000 -0.000000 0.000000
9.600000 -0.000000 0.000000
9.620000 -0.000000 0.000000
9.640000 -0.000000 0.000000
9.660000 -0.000000 0.000000
9.680000 -0.000000 0.000000
9.700000 -0.000000 0.000000
9.720000 -0.000000 0.000000
9.740000 -0.000000 0.000000
9.760000 -0.000000 0.000000
9.780000 -0.000000 0.000000
9.800000 -0.000000 0.000000
9.820000 -0.000000 0.000000
9.840000 -0.000000 0.000000
9.860000 -0.000000 0.000000
9.880000 -0.000000 0.000000
9.900000 -0.000000 0.000000
9.920000 -0.000000 0.000000
9.940000 -0.000000 0.000000
9.960000 -0.000000 0.000000
9.980000 -0.000000 0.000000
10.000000 -0.000000 0.000000
10.020000 -0.000000 0.000000
10.040000 -0.000000 0.000000
10.060000 -0.000000 0.000000
10.080000 -0.000000 0.000000
10.100000 -0.000000 0.000000
10.120000 -0.000000 0.000000
10.140000 -0.000000 0.000000
10.160000 -0.000000 0.000000
10.180000 -0.000000 0.000000
10.200000 -0.000000 0.000000
10.220000 -0.000000 0.000000
10.240000 -0.000000 0.000000
10.260000 -0.000000 0.000000
10.280000 -0.000000 0.000000
10.300000 -0.000000 0.000000
10.320000 -0.000000 0.000000
10.340000 -0.000000 0.000000
10.360000 -0.000000 0.000000
10.380000 -0.000000 0.000000
10.400000 -0.000000 0.000000
10.420000 -0.000000 0.000000
10.440000 -0.000000 0.000000
10.460000 -0.000000 0.000000
10.480000 -0.000000 0.000000
10.500000 -0.000000 0.000000
10.520000 -0.000000 0.000000
10.540000 -0.000000 0.000000
10.560000 -0.000000 0.000000
10.580000 -0.000000 0.000000
10.600000 -0.000000 0.000000
10.620000 -0.000000 0.000000
10.640000 -0.000000 0.000000
10.660000 -0.000000 0.000000
10.680000 -0.000000 0.000000
10.700000 -0.000000 0.000000
10.720000 -0.000000 0.000000
10.740000 -0.000000 0.000000
10.760000 -0.000000 0.000000
10.780000 -0.000000 0.000000
10.800000 -0.000000 0.000000
10.820000 -0.000000 0.000000
10.840000 -0.000000 0.000000
10.860000 -0.000000 0.000000
10.880000 -0.000000 0.000000
10.900000 -0.000000 0.000000
10.920000 -0.000000 0.000000
10.940000 -0.000000 0.000000
10.960000 -0.000000 0.000000
10.980000 -0.000000 0.000000
11.000000 -0.000000 0.000000
11.020000 -0.000000 0.000000
11.040000 -0.000000 0.000000
11.060000 -0.000000 0.000000
11.080000 -0.000000 0.000000
11.100000 -0.000000 0.000000
11.120000 -0.000000 0.000000
11.140000 -0.000000 0.000000
11.160000 -0.000000 0.000000
11.180000 -0.000000 0.000000
11.200000 -0.000000 0.000000
11.220000 -0.000000 0.000000
11.240000 -0.000000 0.000000
11.260000 -0.000000 0.000000
11.280000 -0.000000 0.000000
11.300000 -0.000000 0.000000
11.320000 -0.000000 0.000000
11.340000 -0.000000 0.000000
11.360000 -0.000000 0.000000
11.380000 -0.000000 0.000000
11.400000 -0.000000 0.000000
11.420000 -0.000000 0.000000
11.440000 -0.000000 0.000000
11.460000 -0.000000 0.000000
11.480000 -0.000000 0.000000
11.500000 -0.000000 0.000000
11.520000 -0.000000 0.000000
11.540000 -0.000000 0.000000
11.560000 -0.000000 0.000000
11.580000 -0.000000 0.000000
11.600000 -0.000000 0.000000
11.620000 -0.000000 0.000000
11.640000 0.000000 0.000000
11.660000 0.000000 0.000000
11.680000 0.000000 0.000000
11.700000 0.000000 0.000000
11.720000 0.000000 0.000000
11.740000 0.000000 0.000000
11.760000 0.000000 0.000000
11.780000 0.000000 0.000000
11.800000 0.000000 0.000000
11.820000 0.000000 0.000000
11.840000 0.000000 0.000000
11.860000 0.000000 0.000000
11.880000 0.000000 0.000000
11.900000 0.000000 0.000000
11.920000 0.000000 0.000000
11.940000 0.000000 0.000000
11.960000 0.000000 0.000000
11.980000 0.000000 0.000000
